Temperature(¡ãC)	1	2	3	4	5	6	7	8	9	10	11	12				
21.5	0.5744	0.7103	0.6067	0.7074	0.7217	0.6091	0.0458	0.0466	0.046	0.0465	0.0464	0.0466				
	0.8587	0.9484	0.7162	0.7008	0.7514	0.7796	0.0453	0.0453	0.0461	0.046	0.0475	0.046				
	0.2912	0.427	0.5844	0.5431	0.8123	0.8641	0.9326	0.9762	1.1073	0.9627	1.3023	1.1178				
	0.3049	0.4966	0.6019	0.6964	0.7799	0.8354	0.9599	1.1225	0.9995	1.2098	1.2332	1.24				
	0.046	0.0457	0.0462	0.0462	0.0456	0.0458	0.0463	0.0461	0.0463	0.0461	0.0461	0.0468				
	0.0458	0.0463	0.0462	0.0461	0.0458	0.0463	0.046	0.0462	0.0463	0.0464	0.0463	0.0469				
	0.046	0.0459	0.0462	0.0461	0.0456	0.0463	0.0461	0.0459	0.0463	0.0464	0.0463	0.0464				
	0.0459	0.0462	0.0466	0.0457	0.0466	0.0467	0.0466	0.0465	0.0462	0.0577	0.0462	0.046				






Temperature(¡ãC)	1	2	3	4	5	6	7	8	9	10	11	12				
21.6	0.6672	0.8243	0.5927	0.6238	0.6489	0.6771	0.0458	0.0468	0.046	0.0466	0.0466	0.0466
	0.8639	1.0791	0.7147	0.5998	0.6658	0.7699	0.0452	0.0454	0.0461	0.0461	0.0476	0.0461
	0.2898	0.4344	0.5966	0.529	0.8045	0.8503	0.997	0.9776	1.113	1.2018	1.2613	1.2507
	0.297	0.509	0.6068	0.6786	0.7779	0.8178	1.0311	1.137	1.103	1.3443	1.2378	1.3657
	0.0459	0.0458	0.0463	0.0462	0.0456	0.0459	0.0464	0.0461	0.0463	0.0462	0.0461	0.0468
	0.0457	0.0463	0.0463	0.046	0.0458	0.0463	0.046	0.0462	0.0464	0.0463	0.0462	0.0469
	0.0459	0.0459	0.0463	0.046	0.0456	0.0463	0.0461	0.0459	0.0463	0.0464	0.0464	0.0463
	0.0459	0.0464	0.0467	0.0456	0.0467	0.0467	0.0466	0.0464	0.0462	0.0575	0.0462	0.046
